0.000000 0.000000 0.000000 0.000000 0.000000 0.000000 0.000000 0.000000 0.000000 0.000000 0.000000 0.000000 0.000000 0.000000 0.000000 0.000000 0.000000 0.000000 0.000000 0.000000 0.000000 0.000000 0.000000 0.000000 0.000000 0.000000 0.000000 0.000000 0.000000 0.000000 0.000000 0.000000 0.000000 0.000000 0.000000 0.000000 0.000000 0.000000 0.000000 0.000000 0.000000 0.000000 0.000000 0.000000 0.000000 0.000000 0.000000 0.000000 0.000000 0.000000 0.000000 0.000000 0.000000 0.000000 0.000000 0.000000 0.000000 0.000000 0.000000 0.000000
0.000000 0.000000 0.000000 0.000000 0.000000 0.000000 0.000000 0.000000 0.000000 0.000000 0.000000 0.000000 0.000000 0.000000 0.000000 0.000000 0.000000 0.000000 0.000000 0.000000 0.000000 0.000000 0.000000 0.000000 0.000000 0.000000 0.000000 0.000000 0.000000 0.000000 0.000000 0.000000 0.000000 0.000000 0.000000 0.000000 0.000000 0.000000 0.000000 0.000000 0.000000 0.000000 0.000000 0.000000 0.000000 0.000000 0.000000 0.000000 0.000000 0.000000 0.000000 0.000000 0.000000 0.000000 0.000000 0.000000 0.000000 0.000000 0.000000 0.000000
0.000000 0.000000 0.000000 0.000000 0.000000 0.000000 0.000000 0.000000 0.000000 0.000000 0.000000 0.000000 0.000000 0.000000 0.000000 0.000000 0.000000 0.000000 0.000000 0.000000 0.000000 0.000000 0.000000 0.000000 0.000000 0.000000 0.000000 0.000000 0.000000 0.000000 0.000000 0.000000 0.000000 0.000000 0.000000 0.000000 0.000000 0.000000 0.000000 0.000000 0.000000 0.000000 0.000000 0.000000 0.000000 0.000000 0.000000 0.000000 0.000000 0.000000 0.000000 0.000000 0.000000 0.000000 0.000000 0.000000 0.000000 0.000000 0.000000 0.000000
0.000000 0.000000 0.000000 0.000000 0.000000 0.000000 0.000000 0.000000 0.000000 0.000000 0.000000 0.000000 0.000000 0.000000 0.000000 0.000000 0.000000 0.000000 0.000000 0.000000 0.000000 0.000000 0.000000 0.000000 0.000000 0.000000 0.000000 0.000000 0.000000 0.000000 0.000000 0.000000 0.000000 0.000000 0.000000 0.000000 0.000000 0.000000 0.000000 0.000000 0.000000 0.000000 0.000000 0.000000 0.000000 0.000000 0.000000 0.000000 0.000000 0.000000 0.000000 0.000000 0.000000 0.000000 0.000000 0.000000 0.000000 0.000000 0.000000 0.000000
0.000000 0.000000 0.000000 0.000000 0.000000 0.000000 0.000000 0.000000 0.000000 0.000000 0.000000 0.000000 0.000000 0.000000 0.000000 0.000000 0.000000 0.000000 0.000000 0.000000 0.000000 0.000000 0.000000 0.000000 0.000000 0.000000 0.000000 0.000000 0.000000 0.000000 0.000000 0.000000 0.000000 0.000000 0.000000 0.000000 0.000000 0.000000 0.000000 0.000000 0.000000 0.000000 0.000000 0.000000 0.000000 0.000000 0.000000 0.000000 0.000000 0.000000 0.000000 0.000000 0.000000 0.000000 0.000000 0.000000 0.000000 0.000000 0.000000 0.000000
0.000000 0.000000 0.000000 0.000000 0.000000 0.000000 0.000000 0.000000 0.000000 0.000000 0.000000 0.000000 0.000000 0.000000 0.000000 0.000000 0.000000 0.000000 0.000000 0.000000 0.000000 0.000000 0.000000 0.000000 0.000000 0.000000 0.000000 0.000000 0.000000 0.000000 0.000000 0.000000 0.000000 0.000000 0.000000 0.000000 0.000000 0.000000 0.000000 0.000000 0.000000 0.000000 0.000000 0.000000 0.000000 0.000000 0.000000 0.000000 0.000000 0.000000 0.000000 0.000000 0.000000 0.000000 0.000000 0.000000 0.000000 0.000000 0.000000 0.000000
0.000000 0.000000 0.000000 0.000000 0.000000 0.000000 0.000000 0.000000 0.000000 0.000000 0.000000 0.000000 0.000000 0.000000 0.000000 0.000000 0.000000 0.000000 0.000000 0.000000 0.000000 0.000000 0.000000 0.000000 0.000000 0.000000 0.000000 0.000000 0.000000 0.000000 0.000000 0.000000 0.000000 0.000000 0.000000 0.000000 0.000000 0.000000 0.000000 0.000000 0.000000 0.000000 0.000000 0.000000 0.000000 0.000000 0.000000 0.000000 0.000000 0.000000 0.000000 0.000000 0.000000 0.000000 0.000000 0.000000 0.000000 0.000000 0.000000 0.000000
0.000000 0.000000 0.000000 0.000000 0.000000 0.000000 0.000000 0.000000 0.000000 0.000000 0.000000 0.000000 0.000000 0.000000 0.000000 0.000000 0.000000 0.000000 0.000000 0.000000 0.000000 0.000000 0.000000 0.000000 0.000000 0.000000 0.000000 0.000000 0.000000 0.000000 0.000000 0.000000 0.000000 0.000000 0.000000 0.000000 0.000000 0.000000 0.000000 0.000000 0.000000 0.000000 0.000000 0.000000 0.000000 0.000000 0.000000 0.000000 0.000000 0.000000 0.000000 0.000000 0.000000 0.000000 0.000000 0.000000 0.000000 0.000000 0.000000 0.000000
0.000000 0.000000 0.000000 0.000000 0.000000 0.000000 0.000000 0.000000 0.000000 0.000000 0.000000 0.000000 0.000000 0.000000 0.000000 0.000000 0.000000 0.000000 0.000000 0.000000 0.000000 0.000000 0.000000 0.000000 0.000000 0.000000 0.000000 0.000000 0.000000 0.000000 0.000000 0.000000 0.000000 0.000000 0.000000 0.000000 0.000000 0.000000 0.000000 0.000000 0.000000 0.000000 0.000000 0.000000 0.000000 0.000000 0.000000 0.000000 0.000000 0.000000 0.000000 0.000000 0.000000 0.000000 0.000000 0.000000 0.000000 0.000000 0.000000 0.000000
0.000000 0.000000 0.000000 0.000000 0.000000 0.000000 0.000000 0.000000 0.000000 0.000000 0.000000 0.000000 0.000000 0.000000 0.000000 0.000000 0.000000 0.000000 0.000000 0.000000 0.000000 0.000000 0.000000 0.000000 0.000000 0.000000 0.000000 0.000000 0.000000 0.000000 0.000000 0.000000 0.000000 0.000000 0.000000 0.000000 0.000000 0.000000 0.000000 0.000000 0.000000 0.000000 0.000000 0.000000 0.000000 0.000000 0.000000 0.000000 0.000000 0.000000 0.000000 0.000000 0.000000 0.000000 0.000000 0.000000 0.000000 0.000000 0.000000 0.000000
-0.439899 -0.439899 -0.439899 -0.439899 -0.439899 -0.439899 -0.439899 -0.439899 -0.439899 -0.439899 -0.439899 -0.439899 -0.439899 -0.439899 -0.439899 -0.439899 -0.439899 -0.439899 -0.439899 -0.439899 -0.439899 -0.439899 -0.439899 -0.439899 -0.439899 -0.439899 -0.439899 -0.439899 -0.439899 -0.439899 -0.439899 -0.439899 -0.439899 -0.439899 -0.439899 -0.439899 -0.439899 -0.439899 -0.439899 -0.439899 -0.439899 -0.439899 -0.439899 -0.439899 -0.439899 -0.439899 -0.439899 -0.439899 -0.439899 -0.439899 1.013590 1.846765 2.115616 2.430085 2.358240 2.409904 2.343526 2.535296 2.522369 2.419561
-0.441233 -0.441233 -0.441233 -0.441233 -0.441233 -0.441233 -0.441233 -0.441233 -0.441233 -0.441233 -0.441233 -0.441233 -0.441233 -0.441233 -0.441233 -0.441233 -0.441233 -0.441233 -0.441233 -0.441233 -0.441233 -0.441233 -0.441233 -0.441233 -0.441233 -0.441233 -0.441233 -0.441233 -0.441233 -0.441233 -0.441233 -0.441233 -0.441233 -0.441233 -0.441233 -0.441233 -0.441233 -0.441233 -0.441233 -0.441233 -0.441233 -0.441233 -0.441233 -0.441233 -0.441233 -0.441233 -0.441233 -0.441233 -0.441233 -0.441233 1.084836 1.976411 2.227561 2.255387 2.476505 2.404088 2.364944 2.396264 2.431033 2.444613
-0.444657 -0.444657 -0.444657 -0.444657 -0.444657 -0.444657 -0.444657 -0.444657 -0.444657 -0.444657 -0.444657 -0.444657 -0.444657 -0.444657 -0.444657 -0.444657 -0.444657 -0.444657 -0.444657 -0.444657 -0.444657 -0.444657 -0.444657 -0.444657 -0.444657 -0.444657 -0.444657 -0.444657 -0.444657 -0.444657 -0.444657 -0.444657 -0.444657 -0.444657 -0.444657 -0.444657 -0.444657 -0.444657 -0.444657 -0.444657 -0.444657 -0.444657 -0.444657 -0.444657 -0.444657 -0.444657 -0.444657 -0.444657 -0.444657 -0.444657 1.535665 2.074808 2.169623 2.397102 2.425941 2.265162 2.196803 2.391994 2.510468 2.265260
-0.444126 -0.444126 -0.444126 -0.444126 -0.444126 -0.444126 -0.444126 -0.444126 -0.444126 -0.444126 -0.444126 -0.444126 -0.444126 -0.444126 -0.444126 -0.444126 -0.444126 -0.444126 -0.444126 -0.444126 -0.444126 -0.444126 -0.444126 -0.444126 -0.444126 -0.444126 -0.444126 -0.444126 -0.444126 -0.444126 -0.444126 -0.444126 -0.444126 -0.444126 -0.444126 -0.444126 -0.444126 -0.444126 -0.444126 -0.444126 -0.444126 -0.444126 -0.444126 -0.444126 -0.444126 -0.444126 -0.444126 -0.444126 -0.444126 -0.444126 1.433740 2.071010 2.388317 2.500147 2.350805 2.332115 2.282899 2.268987 2.417432 2.160829
-0.444615 -0.444615 -0.444615 -0.444615 -0.444615 -0.444615 -0.444615 -0.444615 -0.444615 -0.444615 -0.444615 -0.444615 -0.444615 -0.444615 -0.444615 -0.444615 -0.444615 -0.444615 -0.444615 -0.444615 -0.444615 -0.444615 -0.444615 -0.444615 -0.444615 -0.444615 -0.444615 -0.444615 -0.444615 -0.444615 -0.444615 -0.444615 -0.444615 -0.444615 -0.444615 -0.444615 -0.444615 -0.444615 -0.444615 -0.444615 -0.444615 -0.444615 -0.444615 -0.444615 -0.444615 -0.444615 -0.444615 -0.444615 -0.444615 -0.444615 1.473935 2.101464 2.304981 2.307178 2.321736 2.335293 2.257429 2.393443 2.441890 2.293421
-0.440678 -0.440678 -0.440678 -0.440678 -0.440678 -0.440678 -0.440678 -0.440678 -0.440678 -0.440678 -0.440678 -0.440678 -0.440678 -0.440678 -0.440678 -0.440678 -0.440678 -0.440678 -0.440678 -0.440678 -0.440678 -0.440678 -0.440678 -0.440678 -0.440678 -0.440678 -0.440678 -0.440678 -0.440678 -0.440678 -0.440678 -0.440678 -0.440678 -0.440678 -0.440678 -0.440678 -0.440678 -0.440678 -0.440678 -0.440678 -0.440678 -0.440678 -0.440678 -0.440678 -0.440678 -0.440678 -0.440678 -0.440678 -0.440678 -0.440678 1.120492 1.768281 2.177916 2.470465 2.542785 2.475370 2.381931 2.297979 2.389868 2.408805
-0.444734 -0.444734 -0.444734 -0.444734 -0.444734 -0.444734 -0.444734 -0.444734 -0.444734 -0.444734 -0.444734 -0.444734 -0.444734 -0.444734 -0.444734 -0.444734 -0.444734 -0.444734 -0.444734 -0.444734 -0.444734 -0.444734 -0.444734 -0.444734 -0.444734 -0.444734 -0.444734 -0.444734 -0.444734 -0.444734 -0.444734 -0.444734 -0.444734 -0.444734 -0.444734 -0.444734 -0.444734 -0.444734 -0.444734 -0.444734 -0.444734 -0.444734 -0.444734 -0.444734 -0.444734 -0.444734 -0.444734 -0.444734 -0.444734 -0.444734 1.587326 2.162661 2.145526 2.090165 2.458062 2.405074 2.118198 2.391666 2.513073 2.364948
-0.444323 -0.444323 -0.444323 -0.444323 -0.444323 -0.444323 -0.444323 -0.444323 -0.444323 -0.444323 -0.444323 -0.444323 -0.444323 -0.444323 -0.444323 -0.444323 -0.444323 -0.444323 -0.444323 -0.444323 -0.444323 -0.444323 -0.444323 -0.444323 -0.444323 -0.444323 -0.444323 -0.444323 -0.444323 -0.444323 -0.444323 -0.444323 -0.444323 -0.444323 -0.444323 -0.444323 -0.444323 -0.444323 -0.444323 -0.444323 -0.444323 -0.444323 -0.444323 -0.444323 -0.444323 -0.444323 -0.444323 -0.444323 -0.444323 -0.444323 1.491279 2.076581 2.243596 2.361967 2.284353 2.128057 2.254413 2.446548 2.554166 2.375188
-0.443700 -0.443700 -0.443700 -0.443700 -0.443700 -0.443700 -0.443700 -0.443700 -0.443700 -0.443700 -0.443700 -0.443700 -0.443700 -0.443700 -0.443700 -0.443700 -0.443700 -0.443700 -0.443700 -0.443700 -0.443700 -0.443700 -0.443700 -0.443700 -0.443700 -0.443700 -0.443700 -0.443700 -0.443700 -0.443700 -0.443700 -0.443700 -0.443700 -0.443700 -0.443700 -0.443700 -0.443700 -0.443700 -0.443700 -0.443700 -0.443700 -0.443700 -0.443700 -0.443700 -0.443700 -0.443700 -0.443700 -0.443700 -0.443700 -0.443700 1.361286 2.205560 2.431637 2.325283 2.303654 2.299474 2.346755 2.452437 2.405578 2.053341
-0.444709 -0.444709 -0.444709 -0.444709 -0.444709 -0.444709 -0.444709 -0.444709 -0.444709 -0.444709 -0.444709 -0.444709 -0.444709 -0.444709 -0.444709 -0.444709 -0.444709 -0.444709 -0.444709 -0.444709 -0.444709 -0.444709 -0.444709 -0.444709 -0.444709 -0.444709 -0.444709 -0.444709 -0.444709 -0.444709 -0.444709 -0.444709 -0.444709 -0.444709 -0.444709 -0.444709 -0.444709 -0.444709 -0.444709 -0.444709 -0.444709 -0.444709 -0.444709 -0.444709 -0.444709 -0.444709 -0.444709 -0.444709 -0.444709 -0.444709 1.484607 2.172250 2.296938 2.363326 2.384035 2.342881 2.412119 2.327286 2.297300 2.154726
