0.000000 0.000000 0.000000 0.000000 0.000000 0.000000 0.000000 0.000000 0.000000 0.000000 0.000000 0.000000 0.000000 0.000000 0.000000 0.000000 0.000000 0.000000 0.000000 0.000000 0.000000 0.000000 0.000000 0.000000 0.000000 0.000000 0.000000 0.000000 0.000000 0.000000 0.000000 0.000000 0.000000 0.000000 0.000000 0.000000 0.000000 0.000000 0.000000 0.000000 0.000000 0.000000 0.000000 0.000000 0.000000 0.000000 0.000000 0.000000 0.000000 0.000000 0.000000 0.000000 0.000000 0.000000 0.000000 0.000000 0.000000 0.000000 0.000000 0.000000 
0.000000 0.000000 0.000000 0.000000 0.000000 0.000000 0.000000 0.000000 0.000000 0.000000 0.000000 0.000000 0.000000 0.000000 0.000000 0.000000 0.000000 0.000000 0.000000 0.000000 0.000000 0.000000 0.000000 0.000000 0.000000 0.000000 0.000000 0.000000 0.000000 0.000000 0.000000 0.000000 0.000000 0.000000 0.000000 0.000000 0.000000 0.000000 0.000000 0.000000 0.000000 0.000000 0.000000 0.000000 0.000000 0.000000 0.000000 0.000000 0.000000 0.000000 0.000000 0.000000 0.000000 0.000000 0.000000 0.000000 0.000000 0.000000 0.000000 0.000000 
0.000000 0.000000 0.000000 0.000000 0.000000 0.000000 0.000000 0.000000 0.000000 0.000000 0.000000 0.000000 0.000000 0.000000 0.000000 0.000000 0.000000 0.000000 0.000000 0.000000 0.000000 0.000000 0.000000 0.000000 0.000000 0.000000 0.000000 0.000000 0.000000 0.000000 0.000000 0.000000 0.000000 0.000000 0.000000 0.000000 0.000000 0.000000 0.000000 0.000000 0.000000 0.000000 0.000000 0.000000 0.000000 0.000000 0.000000 0.000000 0.000000 0.000000 0.000000 0.000000 0.000000 0.000000 0.000000 0.000000 0.000000 0.000000 0.000000 0.000000 
0.000000 0.000000 0.000000 0.000000 0.000000 0.000000 0.000000 0.000000 0.000000 0.000000 0.000000 0.000000 0.000000 0.000000 0.000000 0.000000 0.000000 0.000000 0.000000 0.000000 0.000000 0.000000 0.000000 0.000000 0.000000 0.000000 0.000000 0.000000 0.000000 0.000000 0.000000 0.000000 0.000000 0.000000 0.000000 0.000000 0.000000 0.000000 0.000000 0.000000 0.000000 0.000000 0.000000 0.000000 0.000000 0.000000 0.000000 0.000000 0.000000 0.000000 0.000000 0.000000 0.000000 0.000000 0.000000 0.000000 0.000000 0.000000 0.000000 0.000000 
0.000000 0.000000 0.000000 0.000000 0.000000 0.000000 0.000000 0.000000 0.000000 0.000000 0.000000 0.000000 0.000000 0.000000 0.000000 0.000000 0.000000 0.000000 0.000000 0.000000 0.000000 0.000000 0.000000 0.000000 0.000000 0.000000 0.000000 0.000000 0.000000 0.000000 0.000000 0.000000 0.000000 0.000000 0.000000 0.000000 0.000000 0.000000 0.000000 0.000000 0.000000 0.000000 0.000000 0.000000 0.000000 0.000000 0.000000 0.000000 0.000000 0.000000 0.000000 0.000000 0.000000 0.000000 0.000000 0.000000 0.000000 0.000000 0.000000 0.000000 
0.000000 0.000000 0.000000 0.000000 0.000000 0.000000 0.000000 0.000000 0.000000 0.000000 0.000000 0.000000 0.000000 0.000000 0.000000 0.000000 0.000000 0.000000 0.000000 0.000000 0.000000 0.000000 0.000000 0.000000 0.000000 0.000000 0.000000 0.000000 0.000000 0.000000 0.000000 0.000000 0.000000 0.000000 0.000000 0.000000 0.000000 0.000000 0.000000 0.000000 0.000000 0.000000 0.000000 0.000000 0.000000 0.000000 0.000000 0.000000 0.000000 0.000000 0.000000 0.000000 0.000000 0.000000 0.000000 0.000000 0.000000 0.000000 0.000000 0.000000 
0.000000 0.000000 0.000000 0.000000 0.000000 0.000000 0.000000 0.000000 0.000000 0.000000 0.000000 0.000000 0.000000 0.000000 0.000000 0.000000 0.000000 0.000000 0.000000 0.000000 0.000000 0.000000 0.000000 0.000000 0.000000 0.000000 0.000000 0.000000 0.000000 0.000000 0.000000 0.000000 0.000000 0.000000 0.000000 0.000000 0.000000 0.000000 0.000000 0.000000 0.000000 0.000000 0.000000 0.000000 0.000000 0.000000 0.000000 0.000000 0.000000 0.000000 0.000000 0.000000 0.000000 0.000000 0.000000 0.000000 0.000000 0.000000 0.000000 0.000000 
0.000000 0.000000 0.000000 0.000000 0.000000 0.000000 0.000000 0.000000 0.000000 0.000000 0.000000 0.000000 0.000000 0.000000 0.000000 0.000000 0.000000 0.000000 0.000000 0.000000 0.000000 0.000000 0.000000 0.000000 0.000000 0.000000 0.000000 0.000000 0.000000 0.000000 0.000000 0.000000 0.000000 0.000000 0.000000 0.000000 0.000000 0.000000 0.000000 0.000000 0.000000 0.000000 0.000000 0.000000 0.000000 0.000000 0.000000 0.000000 0.000000 0.000000 0.000000 0.000000 0.000000 0.000000 0.000000 0.000000 0.000000 0.000000 0.000000 0.000000 
0.000000 0.000000 0.000000 0.000000 0.000000 0.000000 0.000000 0.000000 0.000000 0.000000 0.000000 0.000000 0.000000 0.000000 0.000000 0.000000 0.000000 0.000000 0.000000 0.000000 0.000000 0.000000 0.000000 0.000000 0.000000 0.000000 0.000000 0.000000 0.000000 0.000000 0.000000 0.000000 0.000000 0.000000 0.000000 0.000000 0.000000 0.000000 0.000000 0.000000 0.000000 0.000000 0.000000 0.000000 0.000000 0.000000 0.000000 0.000000 0.000000 0.000000 0.000000 0.000000 0.000000 0.000000 0.000000 0.000000 0.000000 0.000000 0.000000 0.000000 
0.000000 0.000000 0.000000 0.000000 0.000000 0.000000 0.000000 0.000000 0.000000 0.000000 0.000000 0.000000 0.000000 0.000000 0.000000 0.000000 0.000000 0.000000 0.000000 0.000000 0.000000 0.000000 0.000000 0.000000 0.000000 0.000000 0.000000 0.000000 0.000000 0.000000 0.000000 0.000000 0.000000 0.000000 0.000000 0.000000 0.000000 0.000000 0.000000 0.000000 0.000000 0.000000 0.000000 0.000000 0.000000 0.000000 0.000000 0.000000 0.000000 0.000000 0.000000 0.000000 0.000000 0.000000 0.000000 0.000000 0.000000 0.000000 0.000000 0.000000 
-0.439674 -0.439674 -0.439674 -0.439674 -0.439674 -0.439674 -0.439674 -0.439674 -0.439674 -0.439674 -0.439674 -0.439674 -0.439674 -0.439674 -0.439674 -0.439674 -0.439674 -0.439674 -0.439674 -0.439674 -0.439674 -0.439674 -0.439674 -0.439674 -0.439674 -0.439674 -0.439674 -0.439674 -0.439674 -0.439674 -0.439674 -0.439674 -0.439674 -0.439674 -0.439674 -0.439674 -0.439674 -0.439674 -0.439674 -0.439674 1.003444 1.831397 2.116665 2.442655 2.362391 2.433354 2.295019 2.551165 2.542519 2.405106 -0.439674 -0.439674 -0.439674 -0.439674 -0.439674 -0.439674 -0.439674 -0.439674 -0.439674 -0.439674 
-0.440872 -0.440872 -0.440872 -0.440872 -0.440872 -0.440872 -0.440872 -0.440872 -0.440872 -0.440872 -0.440872 -0.440872 -0.440872 -0.440872 -0.440872 -0.440872 -0.440872 -0.440872 -0.440872 -0.440872 -0.440872 -0.440872 -0.440872 -0.440872 -0.440872 -0.440872 -0.440872 -0.440872 -0.440872 -0.440872 -0.440872 -0.440872 -0.440872 -0.440872 -0.440872 -0.440872 -0.440872 -0.440872 -0.440872 -0.440872 1.049821 1.967908 2.228585 2.284249 2.458539 2.372067 2.329177 2.409464 2.465020 2.478789 -0.440872 -0.440872 -0.440872 -0.440872 -0.440872 -0.440872 -0.440872 -0.440872 -0.440872 -0.440872 
-0.444657 -0.444657 -0.444657 -0.444657 -0.444657 -0.444657 -0.444657 -0.444657 -0.444657 -0.444657 -0.444657 -0.444657 -0.444657 -0.444657 -0.444657 -0.444657 -0.444657 -0.444657 -0.444657 -0.444657 -0.444657 -0.444657 -0.444657 -0.444657 -0.444657 -0.444657 -0.444657 -0.444657 -0.444657 -0.444657 -0.444657 -0.444657 -0.444657 -0.444657 -0.444657 -0.444657 -0.444657 -0.444657 -0.444657 -0.444657 1.535665 2.074808 2.169623 2.397102 2.425941 2.265162 2.196803 2.391994 2.510468 2.265260 -0.444657 -0.444657 -0.444657 -0.444657 -0.444657 -0.444657 -0.444657 -0.444657 -0.444657 -0.444657 
-0.443954 -0.443954 -0.443954 -0.443954 -0.443954 -0.443954 -0.443954 -0.443954 -0.443954 -0.443954 -0.443954 -0.443954 -0.443954 -0.443954 -0.443954 -0.443954 -0.443954 -0.443954 -0.443954 -0.443954 -0.443954 -0.443954 -0.443954 -0.443954 -0.443954 -0.443954 -0.443954 -0.443954 -0.443954 -0.443954 -0.443954 -0.443954 -0.443954 -0.443954 -0.443954 -0.443954 -0.443954 -0.443954 -0.443954 -0.443954 1.407082 2.086348 2.412492 2.525337 2.342071 2.314406 2.285448 2.262872 2.393145 2.168486 -0.443954 -0.443954 -0.443954 -0.443954 -0.443954 -0.443954 -0.443954 -0.443954 -0.443954 -0.443954 
-0.444673 -0.444673 -0.444673 -0.444673 -0.444673 -0.444673 -0.444673 -0.444673 -0.444673 -0.444673 -0.444673 -0.444673 -0.444673 -0.444673 -0.444673 -0.444673 -0.444673 -0.444673 -0.444673 -0.444673 -0.444673 -0.444673 -0.444673 -0.444673 -0.444673 -0.444673 -0.444673 -0.444673 -0.444673 -0.444673 -0.444673 -0.444673 -0.444673 -0.444673 -0.444673 -0.444673 -0.444673 -0.444673 -0.444673 -0.444673 1.479527 2.110714 2.309286 2.297394 2.305344 2.329527 2.267035 2.401683 2.430410 2.302750 -0.444673 -0.444673 -0.444673 -0.444673 -0.444673 -0.444673 -0.444673 -0.444673 -0.444673 -0.444673 
-0.440225 -0.440225 -0.440225 -0.440225 -0.440225 -0.440225 -0.440225 -0.440225 -0.440225 -0.440225 -0.440225 -0.440225 -0.440225 -0.440225 -0.440225 -0.440225 -0.440225 -0.440225 -0.440225 -0.440225 -0.440225 -0.440225 -0.440225 -0.440225 -0.440225 -0.440225 -0.440225 -0.440225 -0.440225 -0.440225 -0.440225 -0.440225 -0.440225 -0.440225 -0.440225 -0.440225 -0.440225 -0.440225 -0.440225 -0.440225 1.091284 1.734265 2.179238 2.487234 2.558393 2.490655 2.396258 2.303081 2.369210 2.401653 -0.440225 -0.440225 -0.440225 -0.440225 -0.440225 -0.440225 -0.440225 -0.440225 -0.440225 -0.440225 
-0.444714 -0.444714 -0.444714 -0.444714 -0.444714 -0.444714 -0.444714 -0.444714 -0.444714 -0.444714 -0.444714 -0.444714 -0.444714 -0.444714 -0.444714 -0.444714 -0.444714 -0.444714 -0.444714 -0.444714 -0.444714 -0.444714 -0.444714 -0.444714 -0.444714 -0.444714 -0.444714 -0.444714 -0.444714 -0.444714 -0.444714 -0.444714 -0.444714 -0.444714 -0.444714 -0.444714 -0.444714 -0.444714 -0.444714 -0.444714 1.599777 2.192535 2.157762 2.120854 2.438543 2.384562 2.034760 2.353401 2.551129 2.402369 -0.444714 -0.444714 -0.444714 -0.444714 -0.444714 -0.444714 -0.444714 -0.444714 -0.444714 -0.444714 
-0.444323 -0.444323 -0.444323 -0.444323 -0.444323 -0.444323 -0.444323 -0.444323 -0.444323 -0.444323 -0.444323 -0.444323 -0.444323 -0.444323 -0.444323 -0.444323 -0.444323 -0.444323 -0.444323 -0.444323 -0.444323 -0.444323 -0.444323 -0.444323 -0.444323 -0.444323 -0.444323 -0.444323 -0.444323 -0.444323 -0.444323 -0.444323 -0.444323 -0.444323 -0.444323 -0.444323 -0.444323 -0.444323 -0.444323 -0.444323 1.491279 2.076581 2.243596 2.361967 2.284353 2.128058 2.254413 2.446548 2.554167 2.375188 -0.444323 -0.444323 -0.444323 -0.444323 -0.444323 -0.444323 -0.444323 -0.444323 -0.444323 -0.444323 
-0.443388 -0.443388 -0.443388 -0.443388 -0.443388 -0.443388 -0.443388 -0.443388 -0.443388 -0.443388 -0.443388 -0.443388 -0.443388 -0.443388 -0.443388 -0.443388 -0.443388 -0.443388 -0.443388 -0.443388 -0.443388 -0.443388 -0.443388 -0.443388 -0.443388 -0.443388 -0.443388 -0.443388 -0.443388 -0.443388 -0.443388 -0.443388 -0.443388 -0.443388 -0.443388 -0.443388 -0.443388 -0.443388 -0.443388 -0.443388 1.343795 2.241780 2.469803 2.360163 2.319551 2.310840 2.383190 2.422385 2.357382 1.960514 -0.443388 -0.443388 -0.443388 -0.443388 -0.443388 -0.443388 -0.443388 -0.443388 -0.443388 -0.443388 
-0.444728 -0.444728 -0.444728 -0.444728 -0.444728 -0.444728 -0.444728 -0.444728 -0.444728 -0.444728 -0.444728 -0.444728 -0.444728 -0.444728 -0.444728 -0.444728 -0.444728 -0.444728 -0.444728 -0.444728 -0.444728 -0.444728 -0.444728 -0.444728 -0.444728 -0.444728 -0.444728 -0.444728 -0.444728 -0.444728 -0.444728 -0.444728 -0.444728 -0.444728 -0.444728 -0.444728 -0.444728 -0.444728 -0.444728 -0.444728 1.487370 2.173250 2.309765 2.362918 2.385218 2.342155 2.404570 2.335431 2.281787 2.153944 -0.444728 -0.444728 -0.444728 -0.444728 -0.444728 -0.444728 -0.444728 -0.444728 -0.444728 -0.444728 
